709,1424
709,1423
709,1422
709,1421
709,1420
709,1419
709,1418
709,1417
709,1416
709,1415
709,1414
709,1413
709,1412
709,1411
709,1410
709,1409
709,1408
709,1407
709,1406
709,1405
709,1404
709,1403
709,1402
709,1401
709,1400
709,1399
709,1398
709,1397
709,1396
709,1395
709,1394
709,1393
709,1392
709,1391
709,1390
709,1389
709,1388
709,1387
709,1386
709,1385
709,1384
709,1383
709,1382
709,1381
709,1380
709,1379
709,1378
709,1377
709,1376
709,1375
709,1374
709,1373
709,1372
709,1371
709,1370
709,1369
709,1368
709,1367
709,1366
709,1365
709,1364
709,1363
709,1362
709,1361
709,1360
709,1359
709,1358
709,1357
709,1356
709,1355
709,1354
709,1353
709,1352
709,1351
709,1350
709,1349
709,1348
709,1347
709,1346
709,1345
709,1344
709,1343
709,1342
709,1341
709,1340
709,1339
709,1338
709,1337
709,1336
709,1335
709,1334
709,1333
709,1332
709,1331
709,1330
709,1329
709,1328
709,1327
709,1326
709,1325
709,1324
709,1323
709,1322
709,1321
709,1320
709,1319
709,1318
709,1317
709,1316
709,1315
709,1314
709,1313
709,1312
709,1311
709,1310
709,1309
709,1308
709,1307
709,1306
709,1305
709,1304
709,1303
709,1302
709,1301
709,1300
709,1299
709,1298
709,1297
709,1296
709,1295
709,1294
709,1293
709,1292
709,1291
709,1290
709,1289
709,1288
709,1287
709,1286
709,1285
709,1284
709,1283
709,1282
709,1281
709,1280
709,1279
709,1278
709,1277
709,1276
709,1275
709,1274
709,1273
709,1272
709,1271
709,1270
709,1269
709,1268
709,1267
709,1266
709,1265
709,1264
709,1263
709,1262
709,1261
709,1260
709,1259
709,1258
709,1257
709,1256
709,1255
709,1254
709,1253
709,1252
709,1251
709,1250
709,1249
709,1248
709,1247
709,1246
709,1245
709,1244
709,1243
709,1242
709,1241
709,1240
709,1239
709,1238
709,1237
709,1236
709,1235
709,1234
709,1233
709,1232
709,1231
709,1230
709,1229
709,1228
709,1227
709,1226
709,1225
709,1224
709,1223
709,1222
709,1221
709,1220
709,1219
709,1218
709,1217
709,1216
709,1215
709,1214
709,1213
709,1212
709,1211
709,1210
709,1209
709,1208
709,1207
709,1206
709,1205
709,1204
709,1203
709,1202
709,1201
709,1200
709,1199
709,1198
709,1197
709,1196
709,1195
709,1194
709,1193
709,1192
709,1191
709,1190
709,1189
709,1188
709,1187
709,1186
709,1185
709,1184
709,1183
709,1182
709,1181
709,1180
709,1179
709,1178
709,1177
709,1176
709,1175
709,1174
709,1173
709,1172
709,1171
709,1170
709,1169
709,1168
709,1167
709,1166
709,1165
709,1164
709,1163
709,1162
709,1161
709,1160
709,1159
709,1158
709,1157
709,1156
709,1155
709,1154
709,1153
709,1152
709,1151
709,1150
709,1149
709,1148
709,1147
709,1146
709,1145
709,1144
709,1143
709,1142
709,1141
709,1140
709,1139
709,1138
709,1137
709,1136
709,1135
709,1134
709,1133
709,1132
709,1131
709,1130
709,1129
709,1128
709,1127
709,1126
709,1125
709,1124
709,1123
709,1122
709,1121
709,1120
709,1119
709,1118
709,1117
709,1116
709,1115
709,1114
709,1113
709,1112
709,1111
709,1110
709,1109
709,1108
709,1107
709,1106
709,1105
709,1104
709,1103
709,1102
709,1101
709,1100
709,1099
709,1098
709,1097
709,1096
709,1095
709,1094
709,1093
709,1092
709,1091
709,1090
709,1089
709,1087
709,1086
709,1085
709,1084
709,1083
709,1082
709,1081
709,1080
709,1079
709,1078
709,1077
709,1076
709,1075
709,1074
709,1073
709,1072
709,1071
709,1070
709,1069
709,1068
709,1067
709,1066
709,1065
709,1064
709,1063
709,1062
709,1061
709,1060
709,1059
709,1058
709,1057
709,1056
709,1055
709,1054
709,1053
709,1052
709,1051
709,1050
709,1049
709,1048
709,1047
709,1046
709,1045
709,1088
709,1044
709,1043
709,1042
709,1041
709,1040
709,1039
709,1038
709,1037
709,1036
709,1035
709,1034
709,1033
709,1032
709,1031
709,1030
709,1029
709,1028
709,1027
709,1026
709,1025
709,1024
709,1023
709,1022
709,1021
709,1020
709,1019
709,1018
709,1017
709,1016
709,1015
709,1014
709,1013
709,1012
709,1011
709,1010
709,1009
709,1008
709,1007
709,1006
709,1005
709,1004
709,1003
709,1002
709,1001
709,1000
709,999
709,998
709,997
709,996
709,995
709,994
709,993
709,992
709,991
709,990
709,989
709,988
709,987
709,986
709,985
709,984
709,983
709,982
709,981
709,980
709,979
709,978
709,977
709,976
709,975
709,974
709,973
709,972
709,971
709,970
709,969
709,968
709,967
709,966
709,965
709,964
709,963
709,962
709,961
4294967294,472
4294967279,487
4294967278,338
4294967293,131
4294967293,130
4294967293,129
4294967293,128
4294967293,127
4294967293,126
4294967293,125
4294967293,124
4294967293,123
4294967293,122
4294967293,121
4294967293,120
4294967293,119
4294967293,118
4294967293,117
4294967293,116
4294967293,115
4294967293,114
4294967293,113
4294967293,112
4294967293,111
4294967293,110
4294967293,109
4294967293,108
4294967293,107
4294967293,106
4294967293,105
4294967293,104
4294967293,103
4294967293,102
4294967293,101
4294967293,100
4294967293,99
4294967293,98
4294967293,97
4294967293,96
4294967293,95
4294967293,94
4294967293,93
4294967293,92
4294967293,91
4294967293,90
4294967293,89
4294967293,88
4294967293,87
4294967293,86
4294967293,85
4294967293,84
4294967293,83
4294967293,82
4294967293,81
4294967293,80
4294967293,79
4294967293,78
4294967293,77
4294967293,76
4294967293,75
4294967293,74
4294967293,73
4294967293,72
4294967293,71
4294967293,70
4294967293,69
4294967293,68
4294967293,67
4294967293,66
4294967293,65
4294967293,64
4294967293,63
